33.75995,-118.12352
33.75987,-118.12304
33.75985,-118.11663
33.75984,-118.11533
33.75983,-118.11579
33.75983,-118.12296
33.75980,-118.12266
33.75975,-118.12876
33.75968,-118.11509
33.75966,-118.11513
33.75963,-118.12665
33.75962,-118.12893
33.75957,-118.12706
33.75954,-118.12614
33.75947,-118.11624
33.75944,-118.11536
33.75942,-118.12746
33.75941,-118.12909
33.75930,-118.12782
33.75923,-118.12461
33.75909,-118.11497
33.75908,-118.11581
33.75908,-118.12806
33.75904,-118.12065
33.75903,-118.12042
33.75901,-118.12208
33.75900,-118.11434
33.75898,-118.12153
33.75898,-118.12034
33.75896,-118.12300
33.75891,-118.12029
33.75889,-118.12026
33.75888,-118.12025
33.75886,-118.12009
33.75881,-118.11469
33.75881,-118.11997
33.75877,-118.11989
33.75874,-118.11543
33.75873,-118.12842
33.75871,-118.12967
33.75870,-118.11401
33.75870,-118.11983
33.75867,-118.11406
33.75852,-118.11388
33.75848,-118.11431
33.75848,-118.12986
33.75846,-118.12861
33.75846,-118.11514
33.75842,-118.11960
33.75838,-118.12994
33.75819,-118.12882
33.75814,-118.11476
33.75809,-118.12994
33.75801,-118.11707
33.75797,-118.11459
33.75773,-118.11677
33.75754,-118.11648
33.75752,-118.11654
33.75752,-118.11651
33.75749,-118.11642
33.75739,-118.11631
33.75730,-118.11622
33.75728,-118.12945
33.75727,-118.12937
33.75721,-118.11612
33.75718,-118.11612
33.75716,-118.12950
33.75715,-118.11610
33.75709,-118.11793
33.75708,-118.11798
33.75707,-118.11601
33.75705,-118.11800
33.75700,-118.11609
33.75696,-118.12957
33.75693,-118.11611
33.75690,-118.12959
33.75689,-118.11769
33.75686,-118.12959
33.75684,-118.11770
33.75683,-118.11612
33.75682,-118.11773
33.75676,-118.11587
33.75673,-118.11573
33.75672,-118.11606
33.75671,-118.11597
33.75668,-118.11600
33.75668,-118.11734
33.75668,-118.12954
33.75667,-118.11748
33.75667,-118.12956
33.75667,-118.11754
33.75663,-118.11727
33.75661,-118.11558
33.75660,-118.11528
33.75659,-118.12952
33.75657,-118.12953
33.75654,-118.11321
33.75653,-118.11520
33.75644,-118.11710
33.75640,-118.11709
33.75636,-118.11502
33.75634,-118.12946
33.75634,-118.11705
33.75632,-118.11297
33.75626,-118.11700
33.75626,-118.11701
33.75612,-118.11275
33.75597,-118.11459
33.75595,-118.11457
33.75591,-118.11253
33.75591,-118.11452
33.75586,-118.11447
33.75584,-118.11445
33.75582,-118.12925
33.75575,-118.11644
33.75573,-118.12429
33.75572,-118.12414
33.75572,-118.12445
33.75571,-118.11431
33.75571,-118.12396
33.75570,-118.12466
33.75569,-118.11229
33.75568,-118.12377
33.75566,-118.12484
33.75563,-118.12917
33.75559,-118.12505
33.75559,-118.12325
33.75554,-118.12423
33.75553,-118.12446
33.75553,-118.12290
33.75552,-118.12523
33.75552,-118.12402
33.75551,-118.12461
33.75549,-118.12905
33.75548,-118.12270
33.75547,-118.12479
33.75545,-118.11203
33.75542,-118.12497
33.75541,-118.12543
33.75540,-118.12249
33.75539,-118.12891
33.75534,-118.12293
33.75532,-118.12518
33.75532,-118.12229
33.75530,-118.12558
33.75530,-118.12875
33.75529,-118.12274
33.75529,-118.11704
33.75523,-118.12535
33.75522,-118.12254
33.75522,-118.12212
33.75520,-118.11176
33.75517,-118.12574
33.75512,-118.12235
33.75510,-118.12552
33.75509,-118.12194
33.75505,-118.12585
33.75501,-118.12218
33.75495,-118.12179
33.75494,-118.12802
33.75494,-118.12568
33.75487,-118.12201
33.75483,-118.12600
33.75481,-118.12168
33.75480,-118.12782
33.75476,-118.12581
33.75471,-118.12607
33.75471,-118.12186
33.75467,-118.12158
33.75458,-118.12178
33.75456,-118.12614
33.75453,-118.12151
33.75452,-118.12592
33.75443,-118.12170
33.75442,-118.12741
33.75440,-118.12145
33.75435,-118.12620
33.75431,-118.12165
33.75427,-118.12141
33.75427,-118.12599
33.75426,-118.12715
33.75421,-118.12754
33.75420,-118.12758
33.75420,-118.12621
33.75418,-118.12162
33.75408,-118.12138
33.75403,-118.12622
33.75401,-118.12159
33.75395,-118.12599
33.75393,-118.12137
33.75391,-118.12621
33.75387,-118.12628
33.75387,-118.12159
33.75379,-118.12595
33.75372,-118.12161
33.75372,-118.12593
33.75368,-118.12139
33.75365,-118.11416
33.75358,-118.12166
33.75351,-118.12145
33.75346,-118.12171
33.75337,-118.12178
33.75336,-118.11384
33.75334,-118.12155
33.75328,-118.12187
33.75326,-118.12490
33.75324,-118.12485
33.75322,-118.12163
33.75322,-118.12195
33.75322,-118.12481
33.75320,-118.11475
33.75319,-118.12476
33.75316,-118.12784
33.75314,-118.12777
33.75314,-118.12212
33.75311,-118.12177
33.75310,-118.11356
33.75309,-118.12227
33.75308,-118.12498
33.75306,-118.12494
33.75304,-118.12490
33.75303,-118.12487
33.75300,-118.12195
33.75300,-118.12438
33.75298,-118.12434
33.75294,-118.12209
33.75290,-118.12224
33.75290,-118.11358
33.75289,-118.12377
33.75285,-118.12260
33.75282,-118.12784
33.75278,-118.12442
33.75276,-118.12783
33.75274,-118.11738
33.75272,-118.11807
33.75269,-118.12384
33.75265,-118.12748
33.75263,-118.12748
33.75262,-118.11835
33.75259,-118.11398
33.75257,-118.11680
33.75254,-118.11852
33.75248,-118.11864
33.75245,-118.12462
33.75237,-118.11878
33.75230,-118.12382
33.75230,-118.11887
33.75221,-118.12914
33.75217,-118.10850
33.75212,-118.11903
33.75210,-118.11461
33.75202,-118.11574
33.75188,-118.11518
33.75188,-118.11545
33.75188,-118.12844
33.75187,-118.12842
33.75181,-118.12795
33.75153,-118.12715
33.75143,-118.11318
33.75143,-118.11287
33.75137,-118.11281
33.75136,-118.12646
33.75132,-118.11282
33.75130,-118.11979
33.75123,-118.11345
33.75122,-118.11989
33.75112,-118.12005
33.75111,-118.12569
33.75111,-118.11306
33.75105,-118.12023
33.75105,-118.12107
33.75104,-118.11371
33.75101,-118.12039
33.75100,-118.12087
33.75099,-118.12054
33.75099,-118.12070
33.75094,-118.11337
33.75091,-118.11340
33.75079,-118.12482
33.75065,-118.11423
33.75064,-118.11089
33.75050,-118.12385
33.75041,-118.11423
33.75041,-118.11407
33.75037,-118.11418
33.75037,-118.11412
33.75025,-118.12320
33.75005,-118.11190
33.75000,-118.12274
33.74999,-118.12254
33.74994,-118.12253
33.74990,-118.12903
33.74982,-118.12261
33.74977,-118.11211
33.74977,-118.11528
33.74977,-118.11521
33.74972,-118.11516
33.74960,-118.12199
33.74957,-118.12821
33.74947,-118.11252
33.74945,-118.11514
33.74942,-118.11567
33.74938,-118.12129
33.74931,-118.12114
33.74930,-118.12144
33.74929,-118.11572
33.74929,-118.12146
33.74928,-118.11533
33.74927,-118.11279
33.74924,-118.12736
33.74922,-118.12101
33.74911,-118.12086
33.74906,-118.12080
33.74902,-118.12075
33.74898,-118.12071
33.74897,-118.12665
33.74896,-118.11567
33.74893,-118.12066
33.74893,-118.11566
33.74887,-118.12061
33.74884,-118.12060
33.74878,-118.12055
33.74875,-118.12052
33.74873,-118.12049
33.74870,-118.12047
33.74865,-118.12558
33.74863,-118.12040
33.74861,-118.11353
33.74854,-118.12031
33.74851,-118.12027
33.74850,-118.11555
33.74850,-118.12026
33.74848,-118.11555
33.74848,-118.12024
33.74846,-118.12022
33.74837,-118.12012
33.74831,-118.12008
33.74829,-118.11505
33.74828,-118.11505
33.74820,-118.11999
33.74807,-118.11543
33.74806,-118.11543
33.74804,-118.11542
33.74804,-118.11982
33.74797,-118.11972
33.74792,-118.12402
33.74792,-118.11433
33.74789,-118.11428
33.74787,-118.11964
33.74786,-118.12397
33.74757,-118.11531
33.74755,-118.11530
33.74754,-118.11925
33.74731,-118.11521
33.74723,-118.11876
33.74706,-118.11854
33.74693,-118.11825
33.74673,-118.11796
33.74672,-118.11794
33.74672,-118.11504
33.74669,-118.12176
33.74641,-118.12128
33.74629,-118.11493
33.74628,-118.12102
33.74627,-118.11492
33.74624,-118.11668
33.74618,-118.11697
33.74605,-118.11661
33.74603,-118.12069
33.74593,-118.12047
33.74589,-118.12037
33.74582,-118.11479
33.74576,-118.12027
33.74571,-118.11651
33.74570,-118.12014
33.74569,-118.12002
33.74561,-118.11474
33.74557,-118.11981
33.74548,-118.11471
33.74547,-118.11966
33.74539,-118.11656
33.74537,-118.11958
33.74533,-118.11943
33.74532,-118.11947
33.74523,-118.11929
33.74518,-118.11920
33.74513,-118.11484
33.74497,-118.11897
33.74496,-118.11685
33.74493,-118.11890
33.74490,-118.11689
33.74489,-118.11492
33.74483,-118.11881
33.74469,-118.08406
33.74467,-118.11860
33.74464,-118.08395
33.74464,-118.08164
33.74461,-118.08418
33.74459,-118.08190
33.74458,-118.11843
33.74456,-118.11509
33.74451,-118.11831
33.74451,-118.08149
33.74450,-118.07546
33.74450,-118.08395
33.74450,-118.08418
33.74448,-118.08192
33.74448,-118.07557
33.74446,-118.08387
33.74442,-118.08357
33.74440,-118.08414
33.74440,-118.08185
33.74437,-118.08138
33.74437,-118.07558
33.74436,-118.08343
33.74431,-118.11811
33.74429,-118.08404
33.74429,-118.11734
33.74426,-118.07555
33.74426,-118.08329
33.74424,-118.08394
33.74422,-118.08364
33.74422,-118.08130
33.74422,-118.08381
33.74420,-118.08164
33.74418,-118.07522
33.74414,-118.08322
33.74413,-118.08119
33.74411,-118.11750
33.74410,-118.08088
33.74409,-118.08150
33.74409,-118.08364
33.74409,-118.07546
33.74406,-118.11544
33.74405,-118.11794
33.74404,-118.11754
33.74404,-118.08025
33.74401,-118.08322
33.74401,-118.07513
33.74400,-118.07538
33.74398,-118.08071
33.74398,-118.08352
33.74398,-118.08032
33.74398,-118.08138
33.74394,-118.08374
33.74392,-118.08121
33.74391,-118.08051
33.74389,-118.08366
33.74388,-118.07503
33.74386,-118.08027
33.74381,-118.08350
33.74380,-118.07524
33.74377,-118.08331
33.74377,-118.08018
33.74376,-118.11786
33.74373,-118.08084
33.74373,-118.11773
33.74369,-118.08022
33.74366,-118.08029
33.74365,-118.07525
33.74363,-118.08343
33.74360,-118.08067
33.74355,-118.07503
33.74355,-118.08032
33.74352,-118.07538
33.74347,-118.11583
33.74344,-118.08366
33.74335,-118.11560
33.74335,-118.07775
33.74332,-118.08376
33.74331,-118.07768
33.74330,-118.08053
33.74322,-118.07557
33.74319,-118.08383
33.74317,-118.07527
33.74316,-118.07765
33.74310,-118.08046
33.74307,-118.08411
33.74305,-118.11522
33.74305,-118.07564
33.74303,-118.08019
33.74301,-118.08407
33.74297,-118.07784
33.74292,-118.07529
33.74291,-118.08393
33.74289,-118.07753
33.74288,-118.08411
33.74283,-118.07562
33.74280,-118.07793
33.74276,-118.07814
33.74276,-118.08423
33.74274,-118.07524
33.74273,-118.07755
33.74269,-118.07564
33.74268,-118.11470
33.74267,-118.08025
33.74267,-118.08051
33.74266,-118.07581
33.74259,-118.07847
33.74259,-118.08430
33.74257,-118.07855
33.74256,-118.08409
33.74254,-118.07614
33.74254,-118.07798
33.74253,-118.07527
33.74252,-118.07763
33.74251,-118.08046
33.74249,-118.07814
33.74245,-118.07538
33.74241,-118.07885
33.74240,-118.07826
33.74239,-118.08435
33.74237,-118.07791
33.74234,-118.08044
33.74233,-118.07558
33.74233,-118.07840
33.74233,-118.07854
33.74232,-118.08416
33.74232,-118.08017
33.74232,-118.07633
33.74231,-118.07579
33.74230,-118.07860
33.74228,-118.07588
33.74223,-118.07871
33.74220,-118.07598
33.74220,-118.08025
33.74215,-118.08437
33.74212,-118.08062
33.74210,-118.07793
33.74209,-118.07982
33.74208,-118.07904
33.74208,-118.07767
33.74206,-118.07881
33.74204,-118.08413
33.74204,-118.07603
33.74203,-118.08041
33.74201,-118.07968
33.74197,-118.07991
33.74193,-118.08435
33.74192,-118.07656
33.74192,-118.07916
33.74191,-118.08067
33.74190,-118.07961
33.74188,-118.07678
33.74188,-118.07664
33.74186,-118.08051
33.74185,-118.07933
33.74185,-118.07951
33.74185,-118.07600
33.74184,-118.07989
33.74183,-118.07702
33.74182,-118.07354
33.74181,-118.07369
33.74180,-118.07583
33.74179,-118.07574
33.74176,-118.07595
33.74176,-118.07718
33.74175,-118.07904
33.74174,-118.08077
33.74173,-118.07982
33.74171,-118.07310
33.74170,-118.07131
33.74170,-118.07114
33.74168,-118.07145
33.74166,-118.07916
33.74166,-118.07789
33.74164,-118.07735
33.74163,-118.07397
33.74163,-118.07574
33.74161,-118.08437
33.74161,-118.07939
33.74161,-118.07282
33.74158,-118.07098
33.74158,-118.07569
33.74156,-118.07180
33.74155,-118.07763
33.74155,-118.07946
33.74155,-118.07143
33.74154,-118.07128
33.74154,-118.07965
33.74154,-118.07407
33.74154,-118.07753
33.74152,-118.08088
33.74152,-118.07366
33.74150,-118.08444
33.74148,-118.07261
33.74147,-118.07373
33.74146,-118.07119
33.74145,-118.07538
33.74144,-118.07522
33.74144,-118.07088
33.74144,-118.07947
33.74143,-118.08067
33.74142,-118.07327
33.74142,-118.07965
33.74140,-118.07952
33.74140,-118.07508
33.74139,-118.07216
33.74139,-118.07237
33.74136,-118.07550
33.74135,-118.07112
33.74135,-118.08446
33.74134,-118.07180
33.74133,-118.07796
33.74133,-118.07305
33.74132,-118.07413
33.74130,-118.07576
33.74128,-118.07567
33.74126,-118.07279
33.74125,-118.07109
33.74124,-118.07204
33.74124,-118.07086
33.74121,-118.07218
33.74114,-118.08119
33.74114,-118.07477
33.74114,-118.07374
33.74113,-118.07088
33.74112,-118.07100
33.74107,-118.07414
33.74106,-118.07734
33.74105,-118.07716
33.74103,-118.08440
33.74102,-118.07742
33.74100,-118.07696
33.74099,-118.07798
33.74099,-118.07532
33.74098,-118.08119
33.74097,-118.07468
33.74093,-118.07518
33.74093,-118.07682
33.74090,-118.11569
33.74090,-118.07371
33.74088,-118.07749
33.74087,-118.08409
33.74087,-118.08123
33.74085,-118.07801
33.74083,-118.07515
33.74083,-118.08432
33.74081,-118.08354
33.74079,-118.07468
33.74078,-118.07661
33.74077,-118.08404
33.74077,-118.07553
33.74075,-118.08130
33.74074,-118.08423
33.74073,-118.08397
33.74072,-118.08262
33.74070,-118.07640
33.74070,-118.07515
33.74067,-118.08242
33.74067,-118.08222
33.74066,-118.08123
33.74066,-118.08144
33.74066,-118.07801
33.74065,-118.07374
33.74064,-118.07741
33.74063,-118.08352
33.74063,-118.08199
33.74062,-118.08159
33.74062,-118.07610
33.74061,-118.07591
33.74060,-118.08418
33.74059,-118.07409
33.74058,-118.11582
33.74057,-118.08387
33.74057,-118.08301
33.74056,-118.08281
33.74055,-118.07520
33.74054,-118.08135
33.74049,-118.08159
33.74047,-118.08229
33.74047,-118.07744
33.74046,-118.08182
33.74046,-118.08206
33.74045,-118.07416
33.74045,-118.07472
33.74044,-118.08425
33.74042,-118.08400
33.74041,-118.07518
33.74038,-118.11997
33.74036,-118.07470
33.74033,-118.07805
33.74030,-118.07506
33.74030,-118.07432
33.74027,-118.07465
33.74026,-118.07387
33.74026,-118.07451
33.74024,-118.07767
33.74019,-118.08444
33.74017,-118.08413
33.74017,-118.08456
33.74014,-118.07819
33.74013,-118.08487
33.74013,-118.11575
33.74009,-118.08473
33.74009,-118.07779
33.74008,-118.07492
33.74006,-118.08505
33.74006,-118.07831
33.74006,-118.07399
33.74005,-118.08423
33.73998,-118.08494
33.73997,-118.07407
33.73997,-118.08503
33.73995,-118.07468
33.73992,-118.08485
33.73992,-118.07423
33.73991,-118.08444
33.73987,-118.07447
33.73986,-118.11394
33.73985,-118.07838
33.73982,-118.08489
33.73975,-118.08472
33.73975,-118.12054
33.73972,-118.08499
33.73968,-118.11596
33.73967,-118.07789
33.73964,-118.08512
33.73962,-118.11590
33.73961,-118.08489
33.73960,-118.11584
33.73951,-118.08525
33.73949,-118.07857
33.73949,-118.07798
33.73943,-118.08499
33.73936,-118.07801
33.73925,-118.08515
33.73924,-118.11068
33.73923,-118.07789
33.73909,-118.07760
33.73902,-118.08541
33.73900,-118.07871
33.73898,-118.07763
33.73897,-118.10950
33.73891,-118.08586
33.73884,-118.07774
33.73875,-118.07871
33.73868,-118.10840
33.73867,-118.08558
33.73859,-118.07784
33.73850,-118.08602
33.73845,-118.10784
33.73833,-118.09634
33.73831,-118.09642
33.73830,-118.08581
33.73829,-118.07789
33.73829,-118.07859
33.73822,-118.09650
33.73821,-118.09607
33.73814,-118.08581
33.73811,-118.07788
33.73808,-118.08614
33.73801,-118.08586
33.73800,-118.07857
33.73797,-118.10678
33.73796,-118.07784
33.73795,-118.07906
33.73795,-118.07932
33.73795,-118.07367
33.73794,-118.07866
33.73794,-118.07357
33.73792,-118.07880
33.73792,-118.09674
33.73790,-118.08597
33.73786,-118.07376
33.73784,-118.07954
33.73784,-118.09536
33.73778,-118.07788
33.73776,-118.07355
33.73772,-118.08605
33.73770,-118.07977
33.73766,-118.10594
33.73763,-118.09698
33.73759,-118.09490
33.73758,-118.07388
33.73757,-118.08609
33.73756,-118.07357
33.73753,-118.07520
33.73750,-118.07803
33.73750,-118.07458
33.73747,-118.08005
33.73747,-118.07406
33.73746,-118.07472
33.73746,-118.08640
33.73745,-118.07437
33.73745,-118.07503
33.73744,-118.07525
33.73742,-118.10525
33.73741,-118.12210
33.73741,-118.09457
33.73740,-118.09471
33.73740,-118.09501
33.73740,-118.12197
33.73738,-118.07364
33.73736,-118.09726
33.73734,-118.08609
33.73733,-118.07821
33.73732,-118.12219
33.73732,-118.07484
33.73729,-118.09479
33.73726,-118.08644
33.73724,-118.07841
33.73724,-118.12218
33.73723,-118.12203
33.73722,-118.07503
33.73716,-118.08602
33.73715,-118.07369
33.73714,-118.10426
33.73713,-118.07487
33.73713,-118.09406
33.73711,-118.08638
33.73699,-118.08628
33.73698,-118.07477
33.73698,-118.08590
33.73695,-118.09760
33.73692,-118.08281
33.73689,-118.08293
33.73688,-118.08621
33.73687,-118.07913
33.73686,-118.08279
33.73683,-118.07555
33.73682,-118.07574
33.73681,-118.07482
33.73678,-118.09781
33.73675,-118.10329
33.73673,-118.07499
33.73673,-118.07362
33.73671,-118.08288
33.73670,-118.08305
33.73669,-118.08605
33.73669,-118.08564
33.73667,-118.09336
33.73666,-118.07959
33.73666,-118.07944
33.73659,-118.07973
33.73658,-118.08590
33.73658,-118.07624
33.73655,-118.08286
33.73653,-118.08552
33.73649,-118.12043
33.73644,-118.08578
33.73643,-118.07340
33.73642,-118.08086
33.73641,-118.07647
33.73640,-118.12041
33.73638,-118.12024
33.73636,-118.12031
33.73635,-118.08572
33.73634,-118.09281
33.73631,-118.07324
33.73630,-118.09285
33.73629,-118.08298
33.73624,-118.09850
33.73624,-118.10209
33.73623,-118.09290
33.73621,-118.08267
33.73619,-118.07343
33.73619,-118.08572
33.73614,-118.08104
33.73612,-118.08578
33.73610,-118.07996
33.73605,-118.08274
33.73604,-118.08303
33.73604,-118.08520
33.73603,-118.08605
33.73601,-118.08487
33.73600,-118.07685
33.73595,-118.08947
33.73594,-118.08607
33.73594,-118.08505
33.73591,-118.08551
33.73591,-118.08314
33.73591,-118.08112
33.73589,-118.08322
33.73588,-118.07699
33.73588,-118.08565
33.73586,-118.08597
33.73586,-118.08472
33.73585,-118.08536
33.73582,-118.08576
33.73581,-118.08586
33.73579,-118.08288
33.73574,-118.07348
33.73573,-118.09910
33.73573,-118.08334
33.73573,-118.07708
33.73567,-118.08501
33.73567,-118.08461
33.73567,-118.08114
33.73567,-118.10108
33.73566,-118.08005
33.73565,-118.08350
33.73565,-118.09908
33.73563,-118.08303
33.73560,-118.08877
33.73558,-118.07708
33.73557,-118.07357
33.73554,-118.08322
33.73552,-118.07720
33.73552,-118.08492
33.73550,-118.07751
33.73548,-118.08006
33.73546,-118.08359
33.73544,-118.08336
33.73543,-118.07814
33.73540,-118.07357
33.73540,-118.07767
33.73540,-118.08109
33.73540,-118.08369
33.73537,-118.08986
33.73537,-118.08832
33.73536,-118.08489
33.73536,-118.07789
33.73533,-118.08447
33.73531,-118.08418
33.73531,-118.07829
33.73530,-118.08350
33.73529,-118.08402
33.73527,-118.08966
33.73520,-118.07369
33.73520,-118.08366
33.73519,-118.07854
33.73518,-118.08098
33.73518,-118.07131
33.73516,-118.07152
33.73516,-118.10046
33.73514,-118.07998
33.73512,-118.08475
33.73512,-118.07163
33.73511,-118.08385
33.73508,-118.08416
33.73508,-118.07855
33.73508,-118.07124
33.73507,-118.09044
33.73505,-118.08427
33.73503,-118.09795
33.73503,-118.08479
33.73500,-118.09050
33.73500,-118.07124
33.73498,-118.08432
33.73497,-118.07850
33.73497,-118.08084
33.73496,-118.07390
33.73496,-118.08189
33.73495,-118.07169
33.73494,-118.07140
33.73492,-118.08472
33.73492,-118.08178
33.73491,-118.07994
33.73491,-118.08239
33.73490,-118.08258
33.73490,-118.07852
33.73490,-118.08216
33.73489,-118.07175
33.73488,-118.10022
33.73487,-118.07150
33.73486,-118.09804
33.73486,-118.08432
33.73484,-118.07425
33.73483,-118.08281
33.73483,-118.07404
33.73482,-118.08999
33.73482,-118.07880
33.73477,-118.08176
33.73477,-118.07444
33.73476,-118.08465
33.73476,-118.08425
33.73474,-118.08295
33.73474,-118.10015
33.73473,-118.07897
33.73473,-118.08387
33.73471,-118.07152
33.73469,-118.09813
33.73467,-118.07998
33.73465,-118.08468
33.73463,-118.07163
33.73462,-118.07145
33.73459,-118.08376
33.73459,-118.08235
33.73458,-118.08065
33.73458,-118.08814
33.73455,-118.07322
33.73454,-118.07914
33.73449,-118.07145
33.73447,-118.07310
33.73442,-118.07475
33.73442,-118.07371
33.73438,-118.08314
33.73438,-118.08065
33.73437,-118.08459
33.73432,-118.08255
33.73432,-118.07928
33.73430,-118.07164
33.73429,-118.08265
33.73427,-118.07395
33.73426,-118.08374
33.73423,-118.07819
33.73423,-118.07803
33.73421,-118.07484
33.73421,-118.08281
33.73421,-118.08076
33.73421,-118.07130
33.73420,-118.08461
33.73419,-118.08333
33.73418,-118.07301
33.73418,-118.08371
33.73416,-118.08354
33.73415,-118.07834
33.73413,-118.08802
33.73413,-118.08017
33.73413,-118.07161
33.73412,-118.08468
33.73412,-118.07414
33.73410,-118.08090
33.73410,-118.08506
33.73410,-118.07933
33.73408,-118.07788
33.73405,-118.07343
33.73405,-118.07361
33.73402,-118.08414
33.73402,-118.07168
33.73401,-118.08484
33.73401,-118.09372
33.73399,-118.07843
33.73399,-118.08518
33.73398,-118.07329
33.73398,-118.08404
33.73398,-118.08425
33.73397,-118.07366
33.73396,-118.07288
33.73395,-118.07121
33.73394,-118.08105
33.73391,-118.07180
33.73391,-118.08300
33.73390,-118.08017
33.73389,-118.08393
33.73389,-118.07786
33.73388,-118.07142
33.73388,-118.08522
33.73387,-118.07152
33.73386,-118.08430
33.73385,-118.07116
33.73384,-118.07272
33.73384,-118.10110
33.73384,-118.07310
33.73382,-118.08308
33.73380,-118.08374
33.73377,-118.08437
33.73377,-118.07373
33.73377,-118.07130
33.73376,-118.08322
33.73374,-118.07935
33.73374,-118.07498
33.73373,-118.08336
33.73373,-118.08520
33.73371,-118.08449
33.73371,-118.09396
33.73370,-118.07788
33.73370,-118.10101
33.73369,-118.07843
33.73369,-118.08779
33.73368,-118.08123
33.73368,-118.07294
33.73367,-118.07255
33.73365,-118.07169
33.73365,-118.07459
33.73365,-118.08458
33.73362,-118.07487
33.73361,-118.07225
33.73361,-118.07241
33.73359,-118.07468
33.73359,-118.08515
33.73358,-118.07390
33.73354,-118.08465
33.73353,-118.08773
33.73346,-118.07838
33.73345,-118.08515
33.73344,-118.07794
33.73343,-118.07199
33.73342,-118.07419
33.73339,-118.08001
33.73338,-118.07258
33.73338,-118.08458
33.73334,-118.07522
33.73334,-118.07242
33.73332,-118.07543
33.73331,-118.07444
33.73331,-118.07921
33.73324,-118.07465
33.73323,-118.08767
33.73322,-118.07558
33.73322,-118.08003
33.73321,-118.07482
33.73320,-118.08444
33.73319,-118.08501
33.73316,-118.07828
33.73312,-118.08142
33.73310,-118.09270
33.73310,-118.07921
33.73301,-118.08421
33.73299,-118.08888
33.73298,-118.09278
33.73291,-118.07803
33.73289,-118.07822
33.73288,-118.08757
33.73283,-118.08145
33.73281,-118.08407
33.73280,-118.07576
33.73274,-118.07918
33.73273,-118.07800
33.73272,-118.08272
33.73270,-118.08262
33.73268,-118.08284
33.73260,-118.07909
33.73260,-118.07821
33.73259,-118.08143
33.73258,-118.07588
33.73257,-118.08253
33.73257,-118.08293
33.73257,-118.08479
33.73255,-118.08270
33.73254,-118.07791
33.73253,-118.08262
33.73250,-118.08397
33.73247,-118.08272
33.73247,-118.07895
33.73247,-118.08295
33.73246,-118.08699
33.73245,-118.08472
33.73244,-118.08570
33.73240,-118.07593
33.73240,-118.08385
33.73239,-118.08263
33.73239,-118.07812
33.73235,-118.08348
33.73234,-118.08541
33.73234,-118.08288
33.73234,-118.08474
33.73232,-118.07885
33.73231,-118.09032
33.73228,-118.08263
33.73228,-118.08333
33.73227,-118.07798
33.73227,-118.08482
33.73224,-118.08682
33.73224,-118.08526
33.73222,-118.09211
33.73221,-118.08111
33.73221,-118.08499
33.73220,-118.08288
33.73219,-118.07979
33.73219,-118.08293
33.73218,-118.07880
33.73218,-118.08513
33.73218,-118.07791
33.73214,-118.08256
33.73213,-118.08996
33.73212,-118.07807
33.73205,-118.08084
33.73204,-118.07730
33.73202,-118.07970
33.73199,-118.07885
33.73197,-118.08114
33.73193,-118.08104
33.73191,-118.07682
33.73187,-118.08123
33.73186,-118.08211
33.73185,-118.07656
33.73185,-118.07564
33.73184,-118.07887
33.73182,-118.07954
33.73181,-118.08090
33.73179,-118.07797
33.73177,-118.07637
33.73177,-118.08124
33.73174,-118.07893
33.73172,-118.07899
33.73169,-118.07550
33.73165,-118.07626
33.73159,-118.08883
33.73159,-118.08029
33.73159,-118.08458
33.73158,-118.08444
33.73158,-118.07940
33.73156,-118.08074
33.73156,-118.08488
33.73153,-118.08493
33.73152,-118.08119
33.73152,-118.07907
33.73150,-118.08105
33.73150,-118.07518
33.73150,-118.07808
33.73148,-118.07621
33.73147,-118.08500
33.73145,-118.07918
33.73145,-118.07930
33.73140,-118.08012
33.73139,-118.08058
33.73137,-118.09175
33.73136,-118.08828
33.73133,-118.08496
33.73133,-118.08620
33.73133,-118.08429
33.73132,-118.07505
33.73132,-118.08611
33.73130,-118.07621
33.73129,-118.08628
33.73128,-118.07482
33.73127,-118.07360
33.73127,-118.08608
33.73127,-118.08602
33.73126,-118.08639
33.73126,-118.07374
33.73126,-118.08005
33.73124,-118.08545
33.73123,-118.08702
33.73122,-118.08020
33.73122,-118.08599
33.73121,-118.08530
33.73120,-118.08641
33.73120,-118.07623
33.73120,-118.08008
33.73119,-118.08674
33.73118,-118.08498
33.73117,-118.07473
33.73113,-118.08507
33.73113,-118.07331
33.73112,-118.08520
33.73109,-118.07413
33.73107,-118.08979
33.73105,-118.07472
33.73104,-118.07362
33.73103,-118.07631
33.73103,-118.07340
33.73102,-118.07383
33.73099,-118.07444
33.73099,-118.07468
33.73098,-118.07407
33.73096,-118.08388
33.73094,-118.07830
33.73079,-118.07650
33.73078,-118.07491
33.73076,-118.07449
33.73073,-118.07515
33.73070,-118.07661
33.73069,-118.07473
33.73064,-118.08367
33.73063,-118.09291
33.73062,-118.07536
33.73057,-118.09285
33.73054,-118.07555
33.73050,-118.07881
33.73050,-118.07697
33.73049,-118.07579
33.73047,-118.07585
33.73043,-118.07908
33.73039,-118.08940
33.73033,-118.09119
33.73033,-118.07701
33.73029,-118.07989
33.73022,-118.07689
33.73014,-118.07619
33.73013,-118.07671
33.73010,-118.07656
33.73010,-118.07633
33.73005,-118.08022
33.72998,-118.08350
33.72989,-118.08050
33.72985,-118.09082
33.72977,-118.08064
33.72961,-118.08778
33.72960,-118.08071
33.72953,-118.08358
33.72949,-118.09260
33.72942,-118.08071
33.72939,-118.09267
33.72921,-118.05894
33.72921,-118.05845
33.72920,-118.07748
33.72919,-118.07734
33.72913,-118.07697
33.72913,-118.07711
33.72912,-118.07760
33.72904,-118.07691
33.72902,-118.06015
33.72902,-118.08678
33.72898,-118.08046
33.72897,-118.07674
33.72895,-118.06113
33.72895,-118.06143
33.72884,-118.08313
33.72878,-118.08027
33.72877,-118.07710
33.72875,-118.07789
33.72868,-118.07691
33.72861,-118.08001
33.72859,-118.07808
33.72847,-118.05977
33.72846,-118.07729
33.72845,-118.06024
33.72845,-118.06072
33.72844,-118.06143
33.72841,-118.06082
33.72841,-118.08199
33.72837,-118.07414
33.72832,-118.08264
33.72831,-118.08184
33.72831,-118.08251
33.72826,-118.07946
33.72825,-118.07899
33.72824,-118.08242
33.72822,-118.07279
33.72821,-118.07926
33.72820,-118.07213
33.72820,-118.08165
33.72819,-118.07780
33.72819,-118.07170
33.72819,-118.05845
33.72817,-118.06023
33.72814,-118.08231
33.72810,-118.05893
33.72810,-118.05974
33.72802,-118.07814
33.72801,-118.06863
33.72801,-118.06022
33.72801,-118.06833
33.72799,-118.06899
33.72794,-118.06799
33.72788,-118.07841
33.72785,-118.08489
33.72783,-118.06953
33.72782,-118.05864
33.72774,-118.06755
33.72770,-118.06024
33.72763,-118.06988
33.72759,-118.05873
33.72757,-118.10199
33.72753,-118.06868
33.72750,-118.07785
33.72748,-118.10178
33.72747,-118.06693
33.72746,-118.06899
33.72745,-118.06901
33.72744,-118.10188
33.72743,-118.05795
33.72742,-118.06034
33.72742,-118.06286
33.72742,-118.06828
33.72742,-118.06323
33.72740,-118.06264
33.72740,-118.06323
33.72739,-118.06342
33.72738,-118.05801
33.72736,-118.06366
33.72735,-118.06227
33.72734,-118.06931
33.72733,-118.05776
33.72730,-118.06199
33.72729,-118.05943
33.72727,-118.07025
33.72727,-118.06620
33.72726,-118.05911
33.72724,-118.06453
33.72722,-118.06507
33.72720,-118.06564
33.72720,-118.05759
33.72720,-118.05969
33.72720,-118.06510
33.72720,-118.06161
33.72718,-118.06524
33.72716,-118.05764
33.72716,-118.07582
33.72714,-118.06050
33.72713,-118.07634
33.72712,-118.05861
33.72712,-118.06965
33.72706,-118.06740
33.72704,-118.05994
33.72703,-118.05831
33.72698,-118.06095
33.72697,-118.07973
33.72696,-118.06978
33.72696,-118.06695
33.72693,-118.06065
33.72693,-118.05809
33.72691,-118.06006
33.72691,-118.06328
33.72690,-118.06071
33.72689,-118.06273
33.72687,-118.06008
33.72685,-118.06370
33.72680,-118.07086
33.72680,-118.06646
33.72678,-118.06436
33.72674,-118.05712
33.72673,-118.07946
33.72672,-118.05720
33.72671,-118.10015
33.72671,-118.07098
33.72671,-118.06488
33.72670,-118.07072
33.72668,-118.06149
33.72667,-118.05776
33.72665,-118.06580
33.72664,-118.10019
33.72664,-118.09985
33.72662,-118.06145
33.72662,-118.06531
33.72659,-118.05963
33.72659,-118.10018
33.72657,-118.10007
33.72655,-118.07110
33.72654,-118.07012
33.72650,-118.06029
33.72650,-118.06136
33.72647,-118.05926
33.72644,-118.07024
33.72642,-118.08283
33.72640,-118.05690
33.72637,-118.07395
33.72636,-118.05699
33.72633,-118.07128
33.72632,-118.05752
33.72632,-118.05866
33.72620,-118.06141
33.72619,-118.07883
33.72615,-118.05694
33.72609,-118.07146
33.72602,-118.07862
33.72600,-118.06151
33.72598,-118.06224
33.72597,-118.06153
33.72595,-118.06084
33.72594,-118.07300
33.72592,-118.07826
33.72587,-118.07160
33.72586,-118.05735
33.72583,-118.05606
33.72582,-118.07152
33.72580,-118.05686
33.72579,-118.05917
33.72578,-118.07088
33.72576,-118.06172
33.72570,-118.07248
33.72570,-118.07161
33.72570,-118.06252
33.72567,-118.07099
33.72561,-118.06108
33.72558,-118.07173
33.72553,-118.07213
33.72553,-118.05739
33.72551,-118.07185
33.72551,-118.07654
33.72550,-118.07195
33.72550,-118.07108
33.72545,-118.06201
33.72542,-118.05605
33.72540,-118.05620
33.72534,-118.07475
33.72532,-118.07438
33.72531,-118.05621
33.72530,-118.05636
33.72529,-118.07115
33.72525,-118.05972
33.72523,-118.07413
33.72523,-118.06215
33.72522,-118.05674
33.72518,-118.07700
33.72514,-118.07116
33.72513,-118.05689
33.72509,-118.06305
33.72507,-118.05690
33.72506,-118.06160
33.72504,-118.07108
33.72504,-118.06229
33.72495,-118.06000
33.72490,-118.07519
33.72487,-118.06251
33.72483,-118.06330
33.72476,-118.06187
33.72464,-118.05741
33.72463,-118.05801
33.72454,-118.06277
33.72440,-118.06050
33.72435,-118.06966
33.72434,-118.05829
33.72434,-118.07219
33.72428,-118.07221
33.72427,-118.07583
33.72426,-118.07219
33.72422,-118.07194
33.72422,-118.06391
33.72420,-118.06235
33.72420,-118.07223
33.72419,-118.07188
33.72413,-118.07180
33.72412,-118.07212
33.72411,-118.06080
33.72406,-118.07176
33.72393,-118.07173
33.72392,-118.06415
33.72391,-118.06332
33.72389,-118.06261
33.72381,-118.05888
33.72377,-118.07180
33.72370,-118.07189
33.72364,-118.06361
33.72357,-118.07127
33.72355,-118.06136
33.72354,-118.05735
33.72349,-118.05917
33.72339,-118.07955
33.72331,-118.06316
33.72329,-118.06464
33.72328,-118.07009
33.72328,-118.06165
33.72327,-118.06994
33.72326,-118.05688
33.72326,-118.05569
33.72323,-118.07022
33.72317,-118.07226
33.72317,-118.07300
33.72311,-118.07028
33.72311,-118.07313
33.72308,-118.05791
33.72305,-118.06340
33.72304,-118.06411
33.72304,-118.07322
33.72301,-118.06489
33.72297,-118.07087
33.72296,-118.07327
33.72293,-118.07269
33.72290,-118.05967
33.72283,-118.07276
33.72282,-118.07328
33.72279,-118.05825
33.72276,-118.06434
33.72274,-118.06219
33.72265,-118.07061
33.72265,-118.07273
33.72263,-118.05998
33.72259,-118.06373
33.72258,-118.07165
33.72250,-118.07260
33.72248,-118.05569
33.72247,-118.07303
33.72246,-118.06385
33.72244,-118.06248
33.72242,-118.07254
33.72242,-118.06462
33.72236,-118.06530
33.72235,-118.06476
33.72232,-118.06392
33.72231,-118.07146
33.72230,-118.06511
33.72230,-118.06494
33.72223,-118.05885
33.72212,-118.06394
33.72210,-118.07023
33.72209,-118.06055
33.72204,-118.07274
33.72198,-118.05916
33.72190,-118.07221
33.72181,-118.06082
33.72173,-118.07002
33.72166,-118.07099
33.72162,-118.07198
33.72159,-118.05568
33.72149,-118.05588
33.72147,-118.05975
33.72136,-118.05616
33.72135,-118.07188
33.72134,-118.05666
33.72134,-118.05722
33.72134,-118.07227
33.72134,-118.05856
33.72133,-118.05789
33.72131,-118.07089
33.72130,-118.06565
33.72126,-118.06136
33.72119,-118.06007
33.72119,-118.07223
33.72118,-118.06964
33.72115,-118.06552
33.72115,-118.07189
33.72115,-118.05931
33.72114,-118.05941
33.72113,-118.05924
33.72111,-118.05946
33.72110,-118.05918
33.72105,-118.05912
33.72102,-118.07193
33.72101,-118.05958
33.72101,-118.06166
33.72101,-118.07229
33.72101,-118.06551
33.72100,-118.05909
33.72099,-118.07189
33.72095,-118.07128
33.72094,-118.07184
33.72094,-118.05907
33.72091,-118.07132
33.72091,-118.07014
33.72088,-118.06560
33.72079,-118.06936
33.72076,-118.07237
33.72073,-118.07172
33.72073,-118.06491
33.72072,-118.06479
33.72072,-118.07155
33.72071,-118.07182
33.72071,-118.06067
33.72071,-118.07134
33.72070,-118.07131
33.72069,-118.06500
33.72065,-118.07190
33.72064,-118.05856
33.72064,-118.06465
33.72063,-118.05739
33.72062,-118.07070
33.72055,-118.07205
33.72049,-118.07001
33.72042,-118.07247
33.72041,-118.05906
33.72036,-118.07247
33.72033,-118.07037
33.72032,-118.07222
33.72027,-118.07222
33.72026,-118.07245
33.72025,-118.05741
33.72023,-118.05855
33.72022,-118.07222
33.72022,-118.06315
33.72021,-118.06898
33.72018,-118.07628
33.72017,-118.07041
33.72017,-118.06128
33.72016,-118.07241
33.72009,-118.07065
33.71989,-118.06873
33.71988,-118.06160
33.71982,-118.06099
33.71981,-118.06981
33.71978,-118.07029
33.71976,-118.07212
33.71976,-118.06296
33.71970,-118.07184
33.71963,-118.06933
33.71959,-118.06286
33.71955,-118.06951
33.71955,-118.05741
33.71955,-118.05855
33.71954,-118.06202
33.71948,-118.06965
33.71947,-118.06276
33.71946,-118.05903
33.71940,-118.06223
33.71936,-118.06249
33.71929,-118.06833
33.71926,-118.06949
33.71923,-118.06974
33.71921,-118.06754
33.71919,-118.06759
33.71917,-118.05742
33.71916,-118.05854
33.71910,-118.06966
33.71908,-118.06744
33.71905,-118.06194
33.71902,-118.06938
33.71900,-118.06937
33.71899,-118.06743
33.71897,-118.06894
33.71897,-118.06823
33.71892,-118.06715
33.71888,-118.06732
33.71886,-118.06930
33.71880,-118.06802
33.71880,-118.06951
33.71879,-118.06953
33.71878,-118.06876
33.71877,-118.06222
33.71876,-118.06653
33.71865,-118.06865
33.71864,-118.06235
33.71863,-118.06918
33.71862,-118.05905
33.71862,-118.06653
33.71855,-118.06240
33.71854,-118.06909
33.71850,-118.06646
33.71848,-118.06937
33.71847,-118.05741
33.71846,-118.05853
33.71845,-118.06524
33.71843,-118.06897
33.71843,-118.06507
33.71842,-118.06244
33.71839,-118.06542
33.71838,-118.06773
33.71835,-118.06493
33.71832,-118.06244
33.71817,-118.06238
33.71815,-118.06781
33.71815,-118.06866
33.71814,-118.06684
33.71813,-118.06477
33.71812,-118.06701
33.71809,-118.06661
33.71808,-118.05740
33.71808,-118.06709
33.71806,-118.05854
33.71805,-118.06587
33.71804,-118.06854
33.71803,-118.06887
33.71795,-118.06799
33.71794,-118.06843
33.71782,-118.05908
33.71777,-118.06811
33.71776,-118.06822
33.71767,-118.06607
33.71765,-118.06460
33.71759,-118.06745
33.71754,-118.06830
33.71750,-118.06746
33.71747,-118.06836
33.71741,-118.06614
33.71739,-118.05748
33.71737,-118.05853
33.71735,-118.06737
33.71734,-118.06898
33.71733,-118.06913
33.71731,-118.07318
33.71729,-118.06918
33.71727,-118.06614
33.71723,-118.06455
33.71721,-118.06201
33.71720,-118.06727
33.71716,-118.06801
33.71714,-118.06786
33.71709,-118.06822
33.71709,-118.06611
33.71706,-118.06774
33.71699,-118.06440
33.71698,-118.05783
33.71697,-118.05787
33.71697,-118.06770
33.71697,-118.05909
33.71696,-118.05757
33.71696,-118.06600
33.71695,-118.05802
33.71691,-118.06879
33.71689,-118.05836
33.71686,-118.06867
33.71682,-118.05848
33.71681,-118.06579
33.71676,-118.05851
33.71670,-118.06777
33.71665,-118.06714
33.71663,-118.06417
33.71649,-118.06529
33.71649,-118.06416
33.71644,-118.06726
33.71637,-118.06422
33.71635,-118.06800
33.71625,-118.05774
33.71625,-118.05780
33.71624,-118.05851
33.71622,-118.06499
33.71618,-118.06439
33.71618,-118.06793
33.71612,-118.06279
33.71610,-118.05909
33.71609,-118.06482
33.71608,-118.06771
33.71607,-118.06779
33.71607,-118.06463
33.71604,-118.06153
33.71598,-118.06281
33.71598,-118.05779
33.71589,-118.06288
33.71586,-118.05897
33.71574,-118.06343
33.71570,-118.05785
33.71548,-118.05789
33.71528,-118.05790
33.71523,-118.06409
33.71510,-118.06278
33.71510,-118.06283
33.71505,-118.05864
33.71502,-118.05789
33.71496,-118.06108
33.71486,-118.06393
33.71479,-118.06382
33.71478,-118.07009
33.71477,-118.05782
33.71466,-118.06221
33.71464,-118.06339
33.71461,-118.06221
33.71460,-118.05776
33.71436,-118.05836
33.71436,-118.05760
33.71432,-118.06082
33.71429,-118.05835
33.71421,-118.05836
33.71416,-118.05745
33.71414,-118.05840
33.71408,-118.05846
33.71401,-118.05852
33.71401,-118.05727
33.71399,-118.05856
33.71395,-118.06193
33.71395,-118.06192
33.71394,-118.06191
33.71393,-118.05876
33.71381,-118.06241
33.71377,-118.05931
33.71376,-118.05692
33.71372,-118.06057
33.71367,-118.06329
33.71365,-118.06051
33.71360,-118.05654
33.71358,-118.06043
33.71355,-118.06004
33.71354,-118.06034
33.71353,-118.05631
33.71353,-118.06024
33.71352,-118.06015
33.71349,-118.05477
33.71349,-118.05604
33.71349,-118.05399
33.71346,-118.05383
33.71340,-118.05369
33.71338,-118.06296
33.71333,-118.06165
33.71332,-118.06166
33.71330,-118.06171
33.71330,-118.05355
33.71321,-118.05348
33.71306,-118.05343
33.71299,-118.06159
33.71299,-118.05674
33.71299,-118.05656
33.71299,-118.05343
33.71298,-118.05966
33.71298,-118.06830
33.71295,-118.05981
33.71289,-118.05995
33.71279,-118.06008
33.71271,-118.05343
33.71263,-118.05343
33.71261,-118.06143
33.71252,-118.06024
33.71248,-118.05624
33.71242,-118.06027
33.71230,-118.05341
33.71230,-118.06123
33.71230,-118.06130
33.71223,-118.05343
33.71213,-118.05353
33.71212,-118.05619
33.71212,-118.05578
33.71212,-118.05529
33.71212,-118.05490
33.71211,-118.05453
33.71211,-118.05419
33.71211,-118.05367
33.71188,-118.06023
33.71181,-118.06020
33.71180,-118.06053
33.71179,-118.06102
33.71174,-118.06044
33.71155,-118.06015
33.71154,-118.06037
33.71136,-118.05997
33.71128,-118.06032
33.71107,-118.05978
33.71105,-118.06599
33.71099,-118.06019
33.71092,-118.06585
33.71086,-118.06024
33.71081,-118.05976
33.71063,-118.06064
33.71056,-118.05973
33.71039,-118.06085
33.71025,-118.06093
33.71021,-118.05939
33.70997,-118.06089
33.70997,-118.05921
33.70985,-118.06088
33.70970,-118.06066
33.70960,-118.06050
33.70958,-118.05910
33.70945,-118.06038
33.70945,-118.05891
33.70942,-118.06019
33.70939,-118.05989
33.70931,-118.05861
33.70930,-118.05838
33.70929,-118.05821
33.70925,-118.05971
33.70925,-118.05798
33.70915,-118.06344
33.70910,-118.05771
33.70905,-118.05954
33.70848,-118.06256
33.70848,-118.05911
33.70843,-118.05703
33.70822,-118.05899
33.70786,-118.05664
33.70766,-118.05645
33.70765,-118.05893
33.70754,-118.05883
33.70734,-118.05860
33.70720,-118.05604
33.70711,-118.05848
33.70689,-118.05829
33.70657,-118.05572
33.70594,-118.05716
33.70557,-118.05678
33.70536,-118.05483
33.70527,-118.05642
33.70504,-118.05617
33.70473,-118.05584
33.70451,-118.05420
33.70442,-118.05548
33.70422,-118.05391
33.70395,-118.05340
33.70388,-118.05492
33.70373,-118.05304
33.70372,-118.05293
33.70371,-118.05290
33.70369,-118.05286
33.70365,-118.05287
33.70363,-118.05289
33.70360,-118.05285
33.70342,-118.05292
33.70328,-118.05297
33.70323,-118.05305
33.70309,-118.05403
33.70307,-118.05395
33.70305,-118.05315
33.70291,-118.05323
33.70288,-118.05367
33.70280,-118.05331
33.70279,-118.05339
33.70278,-118.05345
33.70162,-118.05510
33.68911,-118.04327
33.68562,-118.03976
33.68218,-118.03634
33.67558,-118.02892
33.66974,-118.02105
33.66739,-118.01832
33.66735,-118.01828
33.66554,-118.01613
33.66549,-118.01608
33.66375,-118.01402
33.66145,-118.01132
33.65932,-118.00898
33.65840,-118.00774
33.65679,-118.00584
33.65600,-118.00474
33.65569,-118.00430
33.65503,-118.00339
33.65392,-118.00153
33.65288,-117.99965
33.65183,-117.99799
33.65040,-117.99577
33.64935,-117.99438
33.64829,-117.99272
33.64705,-117.99077
33.64549,-117.98839
33.64352,-117.98539
33.64175,-117.98239
33.64055,-117.98025
33.63989,-117.97914
33.63839,-117.97677
33.63716,-117.97491
33.63612,-117.97314
33.63486,-117.97096
33.63358,-117.96836
33.63268,-117.96117
33.63267,-117.96638
33.63247,-117.96605
33.63244,-117.96078
33.63233,-117.96146
33.63224,-117.96157
33.63208,-117.96107
33.63202,-117.96112
33.63189,-117.96508
33.63140,-117.96227
33.63116,-117.96256
33.63112,-117.96346
33.63090,-117.96207
33.63086,-117.96208
33.63082,-117.96204
33.62984,-117.96091
33.62914,-117.95953
33.62912,-117.95947
33.62879,-117.95868
33.62839,-117.95809
33.62812,-117.95753
33.62758,-117.95663
33.62657,-117.95462
33.62605,-117.95330
33.62495,-117.95103
33.62406,-117.94907
33.62323,-117.94727
33.62298,-117.94666
33.62224,-117.94477
33.62154,-117.94303
33.62085,-117.94189
33.62024,-117.94080
33.61940,-117.94007
33.61928,-117.93972
33.61886,-117.93928
33.61836,-117.93874
33.61763,-117.93822
33.61708,-117.93748
33.61664,-117.93707
33.61562,-117.93633
33.61501,-117.93569
33.61432,-117.93497
33.61361,-117.93462
33.61338,-117.93438
33.61279,-117.93378
33.61209,-117.93327
33.61143,-117.93284
33.61134,-117.93269
33.61116,-117.93253
33.61096,-117.93235
33.61066,-117.93204
33.60983,-117.93127
33.60957,-117.93108
33.60889,-117.93059
33.60879,-117.93054
33.60813,-117.93031
33.60762,-117.93003
33.60715,-117.92961
33.60709,-117.92957
33.60686,-117.92945
33.60671,-117.92926
33.60664,-117.92893
33.60649,-117.92843
33.60636,-117.92814
33.60625,-117.92782
33.60608,-117.92735
33.60560,-117.92495
33.60539,-117.92395
33.60526,-117.92334
33.60523,-117.92302
33.60520,-117.92272
33.60518,-117.92255
33.60495,-117.92106
33.60493,-117.92081
33.60483,-117.92030
33.60470,-117.91978
33.60462,-117.91936
33.60447,-117.91888
33.60438,-117.91840
33.60426,-117.91792
33.60413,-117.91743
33.60401,-117.91712
33.60384,-117.91649
33.60367,-117.91604
33.60360,-117.91564
33.60338,-117.91516
33.60324,-117.91469
33.60320,-117.91456
33.60307,-117.91387
33.60307,-117.91385
33.60296,-117.91367
33.60294,-117.91337
33.60289,-117.91303
33.60287,-117.91262
33.60276,-117.91230
33.60264,-117.91188
33.60257,-117.91143
33.60249,-117.91125
33.60238,-117.91097
33.60232,-117.91071
33.60229,-117.91039
33.60224,-117.90981
33.60214,-117.90952
33.60209,-117.90932
33.60198,-117.90882
33.60192,-117.90800
33.60183,-117.90762
33.60183,-117.90730
33.60176,-117.90692
33.60166,-117.90650
33.60154,-117.90587
33.60145,-117.90555
33.60130,-117.90502
33.60111,-117.90426
33.60102,-117.90388
33.60089,-117.90336
33.60065,-117.90266
33.60038,-117.90193
33.60026,-117.90153
33.60015,-117.90113
33.60011,-117.90098
33.60003,-117.90087
33.60001,-117.90073
33.59994,-117.90052
33.59991,-117.90042
33.59990,-117.90039
33.59983,-117.90007
33.59971,-117.89994
33.59950,-117.89924
33.59941,-117.89881
33.59920,-117.89824
33.59893,-117.89746
33.59874,-117.89688
33.59857,-117.89639
33.59827,-117.89554
33.59807,-117.89499
33.59755,-117.89336
33.59718,-117.89248
33.59697,-117.89195
33.59677,-117.89145
33.59660,-117.89106
33.59627,-117.89026
33.59617,-117.89006
33.59611,-117.88984
33.59608,-117.88977
33.59584,-117.88907
33.59576,-117.88879
33.59566,-117.88846
33.59556,-117.88810
33.59526,-117.88725
33.59506,-117.88658
33.59493,-117.88615
33.59477,-117.88552
33.59456,-117.88476
33.59440,-117.88387
33.59427,-117.88307
33.59415,-117.88231
33.59406,-117.88185
33.59398,-117.88167
33.59387,-117.88147
33.59387,-117.88154
33.59362,-117.88118
33.59336,-117.88130
33.59317,-117.87962
33.59300,-117.87558
33.59300,-117.87475
33.59299,-117.87586
33.59296,-117.87615
33.59295,-117.87392
33.59291,-117.87643
33.59288,-117.87350
33.59281,-117.87695
33.59275,-117.87311
33.59265,-117.87765
33.59265,-117.87284
33.59264,-117.87773
33.59255,-117.87264
33.59254,-117.88083
33.59242,-117.87239
33.59235,-117.87225
33.59230,-117.87219
33.59225,-117.87212
33.59219,-117.87759
33.59216,-117.87749
33.59214,-117.87201
33.59213,-117.87760
33.59211,-117.87792
33.59206,-117.87790
33.59198,-117.87175
33.59178,-117.87151
33.59166,-117.87134
33.59157,-117.87124
33.59144,-117.87118
33.59136,-117.87110
33.59129,-117.87094
33.59119,-117.87082
33.59071,-117.87058
33.59050,-117.87049
33.59040,-117.87040
33.59033,-117.87032
33.59031,-117.88010
33.59030,-117.87025
33.59030,-117.87006
33.59020,-117.86979
33.59018,-117.87004
33.59011,-117.86936
33.59002,-117.87748
33.59000,-117.87736
33.58996,-117.87751
33.58996,-117.86897
33.58971,-117.88009
33.58970,-117.86870
33.58958,-117.87750
33.58956,-117.87730
33.58950,-117.87733
33.58950,-117.87744
33.58924,-117.86830
33.58918,-117.86818
33.58887,-117.86777
33.58871,-117.86771
33.58865,-117.87974
33.58859,-117.87954
33.58853,-117.86767
33.58851,-117.87975
33.58841,-117.86757
33.58833,-117.86742
33.58825,-117.86736
33.58825,-117.87944
33.58819,-117.87964
33.58818,-117.87945
33.58816,-117.87952
33.58811,-117.86728
33.58800,-117.86712
33.58795,-117.86707
33.58789,-117.86697
33.58774,-117.86658
33.58761,-117.86636
33.58738,-117.86616
33.58716,-117.86602
33.58699,-117.86565
33.58659,-117.86532
33.58641,-117.86520
33.58629,-117.86507
33.58610,-117.86455
33.58593,-117.86426
33.58579,-117.86415
33.58553,-117.86407
33.58533,-117.86408
33.58510,-117.86421
33.58500,-117.86422
33.58492,-117.86421
33.58484,-117.86415
33.58474,-117.86389
33.58472,-117.86351
33.58446,-117.86335
33.58428,-117.86258
33.58427,-117.86285
33.58421,-117.86302
33.58418,-117.86328
33.58418,-117.86238
33.58413,-117.86234
33.58405,-117.86309
33.58396,-117.86325
33.58389,-117.86215
33.58375,-117.86166
33.58373,-117.86206
33.58371,-117.86184
33.58370,-117.86147
33.58364,-117.86204
33.58364,-117.86124
33.58362,-117.86020
33.58361,-117.86006
33.58361,-117.86028
33.58356,-117.86043
33.58352,-117.85976
33.58351,-117.86054
33.58348,-117.86110
33.58343,-117.86099
33.58343,-117.86062
33.58337,-117.86103
33.58336,-117.86063
33.58333,-117.86103
33.58331,-117.86067
33.58330,-117.86101
33.58330,-117.85921
33.58329,-117.86091
33.58328,-117.86079
33.58328,-117.86097
33.58304,-117.85865
33.58279,-117.85823
33.58249,-117.85750
33.58198,-117.85646
33.58174,-117.85605
33.58165,-117.85593
33.58115,-117.85526
33.58100,-117.85497
33.58094,-117.85480
33.58064,-117.85438
33.58048,-117.85421
33.58013,-117.85398
33.57989,-117.85382
33.57981,-117.85372
33.57974,-117.85355
33.57959,-117.85308
33.57952,-117.85278
33.57948,-117.85254
33.57944,-117.85193
33.57931,-117.85160
33.57879,-117.85044
33.57867,-117.85013
33.57860,-117.84981
33.57831,-117.84893
33.57814,-117.84855
33.57790,-117.84782
33.57781,-117.84768
33.57752,-117.84712
33.57735,-117.84676
33.57677,-117.84577
33.57667,-117.84550
33.57660,-117.84524
33.57648,-117.84501
33.57587,-117.84392
33.57547,-117.84333
33.57537,-117.84314
33.57524,-117.84279
33.57509,-117.84248
33.57475,-117.84194
33.57459,-117.84163
33.57423,-117.84104
33.57390,-117.84064
33.57372,-117.84047
33.57348,-117.84026
33.57331,-117.84007
33.57282,-117.83960
33.57233,-117.83923
33.57193,-117.83897
33.57168,-117.83864
33.57140,-117.83821
33.57119,-117.83805
33.57107,-117.83800
33.57084,-117.83776
33.57068,-117.83748
33.57049,-117.83724
33.57031,-117.83706
33.57010,-117.83684
33.56993,-117.83661
33.56980,-117.83639
33.56964,-117.83616
33.56948,-117.83600
33.56931,-117.83590
33.56911,-117.83585
33.56898,-117.83581
33.56886,-117.83573
33.56876,-117.83534
33.56860,-117.83491
33.56840,-117.83465
33.56821,-117.83446
33.56806,-117.83432
33.56763,-117.83402
33.56752,-117.83396
33.56727,-117.83384
33.56632,-117.83351
33.56597,-117.83335
33.56571,-117.83295
33.56557,-117.83264
33.56531,-117.83214
33.56521,-117.83203
33.56494,-117.83164
33.56484,-117.83146
33.56471,-117.83105
33.56455,-117.83079
33.56438,-117.83052
33.56421,-117.83007
33.56414,-117.82959
33.56408,-117.82934
33.56398,-117.82910
33.56396,-117.82825
33.56393,-117.82884
33.56393,-117.82851
33.56390,-117.82804
33.56383,-117.82792
33.56373,-117.82768
33.56347,-117.82704
33.56321,-117.82656
33.56302,-117.82629
33.56261,-117.82561
33.56226,-117.82516
33.56211,-117.82485
33.56193,-117.82459
33.56183,-117.82433
33.56163,-117.82407
33.56116,-117.82353
33.56095,-117.82320
33.56069,-117.82283
33.56017,-117.82219
33.55993,-117.82189
33.55978,-117.82171
33.55941,-117.82120
33.55871,-117.82042
33.55781,-117.81976
33.55753,-117.81960
33.55733,-117.81953
33.55701,-117.81955
33.55687,-117.81960
33.55643,-117.82006
33.55616,-117.82014
33.55600,-117.82016
33.55590,-117.82014
33.55589,-117.81973
33.55588,-117.81976
33.55584,-117.82007
33.55581,-117.81985
33.55581,-117.81969
33.55580,-117.81997
33.55566,-117.81974
33.55543,-117.81973
33.55524,-117.81969
33.55492,-117.81974
33.55450,-117.81990
33.55417,-117.82000
33.55414,-117.81808
33.55413,-117.81827
33.55410,-117.81780
33.55406,-117.81849
33.55404,-117.81763
33.55399,-117.81865
33.55391,-117.82004
33.55386,-117.81724
33.55378,-117.81896
33.55376,-117.81899
33.55374,-117.81997
33.55373,-117.81709
33.55371,-117.81611
33.55371,-117.81631
33.55369,-117.81598
33.55367,-117.81988
33.55366,-117.81587
33.55365,-117.81919
33.55364,-117.81655
33.55362,-117.81675
33.55360,-117.81973
33.55358,-117.81934
33.55357,-117.81950
33.55347,-117.81563
33.55331,-117.81549
33.55302,-117.81497
33.55274,-117.81473
33.55266,-117.81467
33.55249,-117.81455
33.55237,-117.81452
33.55225,-117.81453
33.55219,-117.81462
33.55209,-117.81201
33.55207,-117.81160
33.55205,-117.81243
33.55204,-117.81476
33.55193,-117.81490
33.55192,-117.81276
33.55190,-117.81086
33.55179,-117.81046
33.55179,-117.81499
33.55175,-117.81299
33.55167,-117.81500
33.55159,-117.80983
33.55157,-117.81309
33.55145,-117.80950
33.55143,-117.81499
33.55134,-117.81335
33.55123,-117.81346
33.55120,-117.81500
33.55109,-117.81354
33.55099,-117.80858
33.55080,-117.81497
33.55073,-117.81492
33.55070,-117.81389
33.55066,-117.80817
33.55062,-117.81483
33.55054,-117.81405
33.55049,-117.81424
33.55047,-117.81443
33.55045,-117.80785
33.55029,-117.80764
33.54999,-117.80738
33.54959,-117.80700
33.54940,-117.80700
33.54932,-117.80703
33.54917,-117.80709
33.54893,-117.80723
33.54885,-117.80724
33.54864,-117.80721
33.54845,-117.80710
33.54832,-117.80603
33.54831,-117.80630
33.54828,-117.80591
33.54824,-117.80688
33.54824,-117.80669
33.54816,-117.80578
33.54764,-117.80568
33.54744,-117.80570
33.54721,-117.80575
33.54713,-117.80575
33.54701,-117.80570
33.54691,-117.80561
33.54682,-117.80551
33.54674,-117.80537
33.54674,-117.80266
33.54672,-117.80493
33.54672,-117.80523
33.54672,-117.80243
33.54669,-117.80315
33.54667,-117.80219
33.54666,-117.80464
33.54657,-117.80356
33.54654,-117.80452
33.54654,-117.80169
33.54650,-117.80368
33.54644,-117.80144
33.54637,-117.80440
33.54623,-117.80433
33.54621,-117.80396
33.54621,-117.80391
33.54618,-117.80410
33.54618,-117.80424
33.54613,-117.80089
33.54600,-117.80073
33.54592,-117.80061
33.54579,-117.80049
33.54568,-117.80040
33.54562,-117.80527
33.54562,-117.80523
33.54562,-117.80518
33.54561,-117.80529
33.54561,-117.80513
33.54559,-117.80530
33.54558,-117.80508
33.54555,-117.80528
33.54555,-117.80504
33.54554,-117.80037
33.54552,-117.80503
33.54552,-117.79853
33.54552,-117.79802
33.54551,-117.80525
33.54549,-117.80505
33.54549,-117.79785
33.54547,-117.80042
33.54547,-117.80521
33.54545,-117.80514
33.54545,-117.80515
33.54543,-117.80052
33.54543,-117.79900
33.54539,-117.80529
33.54538,-117.80526
33.54537,-117.80533
33.54536,-117.80525
33.54536,-117.79908
33.54535,-117.80065
33.54534,-117.80523
33.54532,-117.80534
33.54531,-117.79922
33.54529,-117.80522
33.54528,-117.79552
33.54527,-117.80066
33.54527,-117.80534
33.54527,-117.79577
33.54526,-117.80521
33.54526,-117.79565
33.54525,-117.79544
33.54525,-117.79618
33.54524,-117.80531
33.54524,-117.80522
33.54524,-117.80527
33.54524,-117.79592
33.54523,-117.80523
33.54520,-117.79644
33.54518,-117.79938
33.54516,-117.80065
33.54514,-117.79667
33.54512,-117.79716
33.54510,-117.79540
33.54506,-117.79696
33.54504,-117.79707
33.54503,-117.80014
33.54499,-117.80035
33.54498,-117.79940
33.54498,-117.80009
33.54495,-117.79521
33.54492,-117.79943
33.54490,-117.80054
33.54478,-117.80005
33.54478,-117.79969
33.54476,-117.79999
33.54470,-117.79463
33.54469,-117.79474
33.54469,-117.79447
33.54466,-117.79499
33.54461,-117.79423
33.54460,-117.79492
33.54459,-117.79479
33.54458,-117.79486
33.54452,-117.79402
33.54429,-117.79372
33.54409,-117.79351
33.54391,-117.79332
33.54366,-117.79311
33.54344,-117.79291
33.54331,-117.79151
33.54330,-117.79172
33.54328,-117.79131
33.54325,-117.79276
33.54325,-117.79177
33.54324,-117.79083
33.54317,-117.79040
33.54316,-117.79267
33.54315,-117.79179
33.54314,-117.79280
33.54314,-117.79283
33.54313,-117.79286
33.54312,-117.79292
33.54312,-117.79276
33.54312,-117.79012
33.54311,-117.79261
33.54309,-117.79251
33.54308,-117.79276
33.54307,-117.79294
33.54307,-117.79292
33.54307,-117.78991
33.54306,-117.79287
33.54306,-117.79187
33.54306,-117.79244
33.54303,-117.79273
33.54301,-117.79289
33.54300,-117.78976
33.54300,-117.79242
33.54299,-117.79220
33.54299,-117.79216
33.54298,-117.79200
33.54297,-117.79283
33.54297,-117.79292
33.54295,-117.79221
33.54295,-117.79285
33.54295,-117.79239
33.54294,-117.79205
33.54294,-117.79288
33.54292,-117.78965
33.54291,-117.79234
33.54290,-117.79226
33.54289,-117.79205
33.54289,-117.79228
33.54288,-117.79224
33.54287,-117.79233
33.54285,-117.79219
33.54284,-117.79229
33.54284,-117.79236
33.54281,-117.79242
33.54278,-117.79240
33.54277,-117.79217
33.54275,-117.79218
33.54274,-117.79229
33.54274,-117.79222
33.54271,-117.79231
33.54265,-117.78773
33.54262,-117.78948
33.54261,-117.78749
33.54253,-117.78719
33.54251,-117.78938
33.54245,-117.78672
33.54244,-117.78882
33.54238,-117.78925
33.54234,-117.78643
33.54232,-117.78885
33.54228,-117.78907
33.54227,-117.78891
33.54194,-117.78546
33.54179,-117.78936
33.54177,-117.78929
33.54177,-117.78942
33.54175,-117.78948
33.54174,-117.78919
33.54173,-117.78952
33.54171,-117.78916
33.54169,-117.78946
33.54169,-117.78950
33.54168,-117.78912
33.54167,-117.78500
33.54164,-117.78942
33.54164,-117.78913
33.54162,-117.78942
33.54160,-117.78912
33.54157,-117.78939
33.54156,-117.78919
33.54156,-117.78915
33.54155,-117.78934
33.54153,-117.78923
33.54152,-117.78469
33.54150,-117.78929
33.54138,-117.78445
33.54124,-117.78426
33.54106,-117.78408
33.54083,-117.78391
33.54066,-117.78374
33.54029,-117.78328
33.54000,-117.78306
33.53913,-117.78222
33.53865,-117.78181
33.53801,-117.78143
33.53768,-117.78120
33.53753,-117.78108
33.53676,-117.78049
33.53635,-117.78026
33.53590,-117.77992
33.53527,-117.77939
33.53423,-117.77846
33.53362,-117.77809
33.53339,-117.77792
33.53259,-117.77749
33.53216,-117.77716
33.53196,-117.77696
33.53180,-117.77677
33.53172,-117.77668
33.53170,-117.77654
33.53146,-117.77631
33.53090,-117.77560
33.53061,-117.77513
33.53029,-117.77461
33.52998,-117.77421
33.52972,-117.77388
33.52919,-117.77349
33.52885,-117.77316
33.52853,-117.77292
33.52832,-117.77268
33.52793,-117.77221
33.52762,-117.77203
33.52740,-117.77198
33.52724,-117.77204
33.52717,-117.77213
33.52705,-117.77212
33.52703,-117.77146
33.52700,-117.77118
33.52700,-117.77151
33.52698,-117.77212
33.52692,-117.77154
33.52691,-117.77104
33.52690,-117.77207
33.52686,-117.77195
33.52681,-117.77160
33.52678,-117.77186
33.52675,-117.77091
33.52672,-117.77174
33.52636,-117.77042
33.52622,-117.77014
33.52602,-117.76995
33.52564,-117.76950
33.52557,-117.76934
33.52533,-117.76912
33.52519,-117.76910
33.52502,-117.76915
33.52498,-117.76927
33.52497,-117.76918
33.52490,-117.76797
33.52490,-117.76810
33.52487,-117.76793
33.52485,-117.76836
33.52483,-117.76818
33.52480,-117.76803
33.52475,-117.76941
33.52474,-117.76880
33.52474,-117.76789
33.52468,-117.76788
33.52464,-117.76755
33.52457,-117.76912
33.52455,-117.76841
33.52442,-117.76751
33.52419,-117.76703
33.52391,-117.76663
33.52366,-117.76632
33.52356,-117.76623
33.52344,-117.76611
33.52334,-117.76596
33.52318,-117.76591
33.52307,-117.76596
33.52270,-117.76592
33.52241,-117.76592
33.52231,-117.76585
33.52217,-117.76570
33.52196,-117.76544
33.52181,-117.76518
33.52170,-117.76507
33.52161,-117.76500
33.52141,-117.76497
33.52068,-117.76472
33.52033,-117.76463
33.52019,-117.76442
33.52007,-117.76428
33.51998,-117.76422
33.51971,-117.76373
33.51971,-117.76361
33.51965,-117.76343
33.51955,-117.76328
33.51935,-117.76304
33.51911,-117.76281
33.51866,-117.76249
33.51842,-117.76235
33.51794,-117.76200
33.51759,-117.76183
33.51689,-117.76141
33.51675,-117.76135
33.51447,-117.76070
33.51444,-117.76079
33.51442,-117.75943
33.51440,-117.75929
33.51439,-117.75971
33.51436,-117.75921
33.51435,-117.75891
33.51434,-117.75875
33.51434,-117.75978
33.51434,-117.75904
33.51434,-117.75918
33.51429,-117.76007
33.51429,-117.75905
33.51429,-117.76014
33.51428,-117.75856
33.51428,-117.75982
33.51425,-117.76025
33.51424,-117.75997
33.51424,-117.76091
33.51424,-117.75919
33.51422,-117.76030
33.51422,-117.75981
33.51419,-117.75847
33.51418,-117.75994
33.51418,-117.76038
33.51417,-117.75904
33.51415,-117.75984
33.51415,-117.76094
33.51415,-117.75989
33.51415,-117.75916
33.51413,-117.76041
33.51410,-117.76089
33.51409,-117.76041
33.51408,-117.75904
33.51408,-117.75832
33.51407,-117.76041
33.51406,-117.75909
33.51405,-117.76081
33.51403,-117.75906
33.51401,-117.75834
33.51397,-117.76075
33.51396,-117.76034
33.51395,-117.76078
33.51394,-117.76038
33.51394,-117.76082
33.51393,-117.76056
33.51393,-117.76047
33.51392,-117.75838
33.51392,-117.76038
33.51391,-117.76085
33.51391,-117.76033
33.51390,-117.76050
33.51387,-117.76085
33.51383,-117.76028
33.51382,-117.75840
33.51378,-117.76059
33.51377,-117.76062
33.51375,-117.76055
33.51374,-117.75840
33.51368,-117.76074
33.51362,-117.75834
33.51359,-117.76072
33.51357,-117.76049
33.51356,-117.76054
33.51353,-117.76036
33.51353,-117.76038
33.51351,-117.75828
33.51348,-117.76021
33.51346,-117.76023
33.51346,-117.76042
33.51345,-117.76038
33.51342,-117.76070
33.51342,-117.76038
33.51342,-117.75749
33.51341,-117.75719
33.51340,-117.76048
33.51340,-117.75827
33.51339,-117.75767
33.51335,-117.75682
33.51333,-117.76048
33.51331,-117.75781
33.51331,-117.76062
33.51330,-117.75828
33.51330,-117.76051
33.51327,-117.76055
33.51324,-117.75648
33.51321,-117.75788
33.51321,-117.75824
33.51315,-117.75794
33.51314,-117.75816
33.51309,-117.75801
33.51309,-117.75809
33.51305,-117.75615
33.51255,-117.75551
33.51182,-117.75478
33.51149,-117.75436
33.51125,-117.75403
33.51104,-117.75380
33.51076,-117.75358
33.51036,-117.75318
33.51021,-117.75303
33.50993,-117.75276
33.50971,-117.75260
33.50931,-117.75233
33.50914,-117.75209
33.50891,-117.75182
33.50854,-117.75128
33.50826,-117.75125
33.50801,-117.75122
33.50773,-117.75130
33.50758,-117.75127
33.50748,-117.75118
33.50721,-117.75106
33.50709,-117.75103
33.50699,-117.75097
33.50691,-117.75098
33.50681,-117.75095
33.50672,-117.75095
33.50671,-117.75042
33.50667,-117.75055
33.50662,-117.75066
33.50662,-117.75099
33.50661,-117.75019
33.50654,-117.75097
33.50654,-117.75074
33.50649,-117.75082
33.50647,-117.75090
33.50639,-117.74987
33.50603,-117.74954
33.50571,-117.74927
33.50524,-117.74882
33.50477,-117.74849
33.50392,-117.74806
33.50380,-117.74792
33.50365,-117.74757
33.50346,-117.74729
33.50338,-117.74726
33.50321,-117.74726
33.50309,-117.74730
33.50290,-117.74727
33.50274,-117.74732
33.50256,-117.74734
33.50246,-117.74732
33.50238,-117.74727
33.50236,-117.74678
33.50236,-117.74683
33.50234,-117.74701
33.50233,-117.74722
33.50233,-117.74692
33.50230,-117.74711
33.50205,-117.74663
33.50194,-117.74664
33.50164,-117.74677
33.50160,-117.74647
33.50151,-117.74662
33.50141,-117.74603
33.50135,-117.74596
33.50128,-117.74588
33.50121,-117.74581
33.50099,-117.74575
33.50081,-117.74622
33.50077,-117.74583
33.50075,-117.74543
33.50075,-117.74556
33.50074,-117.74565
33.50071,-117.74537
33.50070,-117.74634
33.50062,-117.74634
33.50055,-117.74607
33.50055,-117.74625
33.50053,-117.74516
33.50044,-117.74598
33.50028,-117.74505
33.50016,-117.74502
33.50003,-117.74492
33.49989,-117.74467
33.49982,-117.74443
33.49977,-117.74419
33.49968,-117.74406
33.49940,-117.74389
33.49932,-117.74380
33.49907,-117.74363
33.49886,-117.74360
33.49868,-117.74340
33.49867,-117.74330
33.49863,-117.74285
33.49862,-117.74278
33.49853,-117.74306
33.49832,-117.74234
33.49799,-117.74196
33.49713,-117.74122
33.49633,-117.74080
33.49609,-117.74055
33.49585,-117.74023
33.49413,-117.73936
33.49338,-117.73914
33.49317,-117.73917
33.49309,-117.73913
33.49295,-117.73903
33.49274,-117.73928
33.49247,-117.73931
33.49239,-117.73917
33.49227,-117.73880
33.49227,-117.73912
33.49221,-117.73896
33.49193,-117.73858
33.49177,-117.73884
33.49159,-117.73904
33.49129,-117.73891
33.49118,-117.73887
33.49106,-117.73873
33.49084,-117.73873
33.49080,-117.73877
33.49078,-117.73882
33.49073,-117.73886
33.49064,-117.73845
33.49063,-117.73824
33.49062,-117.73887
33.49059,-117.73810
33.49026,-117.73835
33.49013,-117.73828
33.48978,-117.73729
33.48972,-117.73854
33.48972,-117.73713
33.48970,-117.73748
33.48960,-117.73759
33.48957,-117.73766
33.48953,-117.73785
33.48952,-117.73820
33.48949,-117.73794
33.48948,-117.73804
33.48921,-117.73708
33.48917,-117.73749
33.48904,-117.73799
33.48901,-117.73611
33.48900,-117.73625
33.48897,-117.73801
33.48895,-117.73655
33.48893,-117.73578
33.48889,-117.73665
33.48880,-117.73540
33.48880,-117.73672
33.48875,-117.73794
33.48870,-117.73684
33.48863,-117.73500
33.48856,-117.73695
33.48856,-117.73790
33.48844,-117.73702
33.48842,-117.73469
33.48832,-117.73719
33.48831,-117.73759
33.48829,-117.73455
33.48827,-117.73745
33.48827,-117.73735
33.48807,-117.73443
33.48781,-117.73424
33.48746,-117.73391
33.48724,-117.73379
33.48683,-117.73353
33.48656,-117.73346
33.48648,-117.73347
33.48638,-117.73365
33.48615,-117.73370
33.48607,-117.73373
33.48598,-117.73380
33.48589,-117.73396
33.48589,-117.73406
33.48583,-117.73417
33.48560,-117.73429
33.48529,-117.73436
33.48520,-117.73436
33.48507,-117.73432
33.48501,-117.73297
33.48501,-117.73311
33.48497,-117.73261
33.48495,-117.73325
33.48490,-117.73229
33.48486,-117.73335
33.48481,-117.73210
33.48478,-117.73337
33.48466,-117.73436
33.48464,-117.73399
33.48462,-117.73408
33.48456,-117.73434
33.48452,-117.73431
33.48449,-117.73172
33.48448,-117.73424
33.48447,-117.73417
33.48445,-117.73387
33.48436,-117.73354
33.48433,-117.73384
33.48426,-117.73134
33.48425,-117.73379
33.48425,-117.73356
33.48416,-117.73097
33.48413,-117.73056
33.48412,-117.73368
33.48412,-117.73363
33.48412,-117.73024
33.48410,-117.73082
33.48408,-117.73068
33.48391,-117.72978
33.48387,-117.72965
33.48384,-117.72870
33.48379,-117.72847
33.48373,-117.72802
33.48366,-117.72788
33.48355,-117.72770
33.48323,-117.72735
33.48295,-117.72693
33.48270,-117.72660
33.48229,-117.72622
33.48201,-117.72588
33.48170,-117.72558
33.48134,-117.72528
33.48113,-117.72514
33.48098,-117.72505
33.48057,-117.72483
33.48009,-117.72464
33.47941,-117.72428
33.47894,-117.72409
33.47857,-117.72401
33.47820,-117.72393
33.47783,-117.72377
33.47733,-117.72345
33.47679,-117.72308
33.47625,-117.72270
33.47575,-117.72243
33.47543,-117.72230
33.47503,-117.72210
33.47469,-117.72191
33.47430,-117.72178
33.47395,-117.72161
33.47380,-117.72156
33.47373,-117.72174
33.47367,-117.72179
33.47362,-117.72169
33.47360,-117.72155
33.47357,-117.72144
33.47348,-117.72133
33.47327,-117.72096
33.47321,-117.72088
33.47303,-117.72085
33.47277,-117.72072
33.47238,-117.72043
33.47180,-117.71992
33.47104,-117.71936
33.47051,-117.71901
33.46997,-117.71860
33.46965,-117.71840
33.46953,-117.71834
33.46929,-117.71816
33.46912,-117.71804
33.46861,-117.71778
33.46814,-117.71757
33.46769,-117.71733
33.46695,-117.71694
33.46600,-117.71648
33.46466,-117.71572
33.46381,-117.71526
33.46349,-117.71510
33.46329,-117.71502
33.46316,-117.71502
33.46306,-117.71506
33.46301,-117.71517
33.46301,-117.70574
33.46300,-117.70568
33.46298,-117.71529
33.46294,-117.70564
33.46289,-117.70555
33.46288,-117.71542
33.46281,-117.70536
33.46277,-117.71555
33.46277,-117.70508
33.46271,-117.70483
33.46265,-117.71568
33.46264,-117.70464
33.46260,-117.70406
33.46259,-117.70441
33.46258,-117.70424
33.46257,-117.70351
33.46254,-117.71574
33.46246,-117.70630
33.46243,-117.71577
33.46236,-117.71574
33.46232,-117.71563
33.46230,-117.71548
33.46226,-117.71544
33.46224,-117.70652
33.46216,-117.70392
33.46214,-117.71547
33.46212,-117.71543
33.46212,-117.70665
33.46208,-117.71534
33.46201,-117.71531
33.46192,-117.71534
33.46186,-117.71540
33.46180,-117.71548
33.46176,-117.68438
33.46176,-117.68404
33.46176,-117.68428
33.46175,-117.68602
33.46175,-117.68579
33.46175,-117.68380
33.46174,-117.68556
33.46174,-117.70615
33.46174,-117.68324
33.46174,-117.71563
33.46174,-117.71572
33.46173,-117.68639
33.46173,-117.68353
33.46173,-117.71556
33.46172,-117.68522
33.46171,-117.68667
33.46171,-117.68285
33.46171,-117.68224
33.46171,-117.68179
33.46168,-117.71581
33.46167,-117.68490
33.46166,-117.68160
33.46164,-117.68472
33.46163,-117.68140
33.46163,-117.70411
33.46162,-117.68705
33.46160,-117.68454
33.46160,-117.71580
33.46157,-117.68118
33.46157,-117.70385
33.46156,-117.68726
33.46154,-117.71565
33.46154,-117.71572
33.46154,-117.69910
33.46154,-117.71560
33.46152,-117.68457
33.46150,-117.68450
33.46149,-117.68456
33.46148,-117.68453
33.46148,-117.68750
33.46148,-117.71560
33.46147,-117.69878
33.46142,-117.68868
33.46141,-117.71563
33.46140,-117.68062
33.46139,-117.68838
33.46138,-117.68781
33.46138,-117.68811
33.46137,-117.68892
33.46136,-117.68915
33.46135,-117.71570
33.46135,-117.69193
33.46133,-117.68942
33.46133,-117.68960
33.46129,-117.71576
33.46122,-117.71569
33.46121,-117.70632
33.46117,-117.71571
33.46116,-117.68016
33.46113,-117.71581
33.46111,-117.69201
33.46107,-117.69074
33.46107,-117.69182
33.46106,-117.71580
33.46102,-117.70426
33.46102,-117.70414
33.46100,-117.70438
33.46099,-117.70403
33.46097,-117.69186
33.46097,-117.71563
33.46096,-117.70448
33.46089,-117.71571
33.46086,-117.70458
33.46081,-117.69191
33.46080,-117.71564
33.46075,-117.70464
33.46070,-117.71559
33.46065,-117.71547
33.46065,-117.70857
33.46064,-117.70849
33.46064,-117.69196
33.46062,-117.70833
33.46061,-117.70875
33.46060,-117.71532
33.46057,-117.70653
33.46056,-117.70463
33.46055,-117.70813
33.46053,-117.69200
33.46052,-117.70795
33.46051,-117.70901
33.46050,-117.71518
33.46047,-117.69202
33.46046,-117.70420
33.46046,-117.70779
33.46041,-117.69947
33.46041,-117.70765
33.46040,-117.70935
33.46039,-117.71510
33.46038,-117.69164
33.46036,-117.70373
33.46035,-117.70742
33.46035,-117.70752
33.46034,-117.70960
33.46034,-117.69914
33.46030,-117.69073
33.46030,-117.69071
33.46030,-117.70727
33.46028,-117.70694
33.46027,-117.70694
33.46026,-117.71009
33.46025,-117.70717
33.46024,-117.69073
33.46024,-117.69070
33.46022,-117.70692
33.46021,-117.71043
33.46021,-117.69340
33.46019,-117.70711
33.46017,-117.71098
33.46015,-117.70450
33.46013,-117.71118
33.46010,-117.71140
33.46007,-117.71485
33.46007,-117.69278
33.46003,-117.71227
33.46003,-117.69960
33.46001,-117.71268
